                .0145545467032853
                .0140928785536248
                .0137997616145847
                .0131499754623679
                .0119690790752915
                .0109966984304861
                .0106665488548718
                .0105741630631740
                .0105350016042052
                .0105115525483778
                .0104947914527383
                .0104814671794902
                .0104701465556597
                .0104601455319668
                .0104511187507959
                .0104428799601611
                .0104353194007593
                .0104283646473983
                .0104219617086153
                .0104160658843963
                .0104106374315995
                .0104056396121582
                .0104010379017788
                .0103967997353088
                .0103928944729884
                .0103892934332096
                .0103859699219392
                .0103828992323107
                .0103800586090775
                .0103774271820209
                .0103749858757351
                .0103727173035746
                .0103706056526235
                .0103686365651846
                .0103667970209177
                .0103650752225470
                .0103634604870763
                .0103619431436878
                .0103605144389357
                .0103591664494330
                .0103578920019510
                .0103566846006606
                .0103555383611284
                .0103544479506124
                .0103534085341754
                .0103524157261264
                .0103514655463130
                .0103505543808101
                .0103496789465783
                .0103488362596971
                .0103480236068098
                .0103472385194519
                .0103464787509629
                .0103457422557102
                .0103450271703874
                .0103443317971642
                .0103436545884974
                .0103429941334278
                .0103423491452064
                .0103417184501151
                .0103411009773543
                .0103404957498896
                .0103399018761606
                .0103393185425607
                .0103387450066142
                .0103381805907773
                .0103376246768040
                .0103370767006189
                .0103365361476496
                .0103360025485721
                .0103354754754321
                .0103349545381041
                .0103344393810579
                .0103339296804052
                .0103334251411965
                .0103329254949506
                .0103324304973919
                .0103319399263781
                .0103314535800026
                .0103309712748545
                .0103304928444232
                .0103300181376367
                .0103295470175191
                .0103290793599601
                .0103286150525855
                .0103281539937212
                .0103276960914424
                .0103272412627010
                .0103267894325252
                .0103263405332858
                .0103258945040221
                .0103254512898249
                .0103250108412706
                .0103245731139021
                .0103241380677545
                .0103237056669195
                .0103232758791473
                .0103228486754832
                .0103224240299337
                .0103220019191636
                .0103215823222172
                .0103211652202657
                .0103207505963760
                .0103203384353005
                .0103199287232851
                .0103195214478955
                .0103191165978589
                .0103187141629203
                .0103183141337122
                .0103179165016371
                .0103175212587601
                .0103171283977137
                .0103167379116097
                .0103163497939616
                .0103159640386141
                .0103155806396802
                .0103151995914839
                .0103148208885102
                .0103144445253597
                .0103140704967085
                .0103136987972727
                .0103133294217767
                .0103129623649255
                .0103125976213800
                .0103122351857365
                .0103118750525074
                .0103115172161056
                .0103111616708308
                .0103108084108576
                .0103104574302259
                .0103101087228332
                .0103097622824274
                .0103094181026014
                .0103090761767900
                .0103087364982665
                .0103083990601400
                .0103080638553559
                .0103077308766937
                .0103074001167694
                .0103070715680345
                .0103067452227789
                .0103064210731324
                .0103060991110670
                .0103057793283999
                .0103054617167964
                .0103051462677732
                .0103048329727022
                .0103045218228140
                .0103042128092020
                .0103039059228264
                .0103036011545184
                .0103032984949844
                .0103029979348104
                .0103026994644662
                .0103024030743099
                .0103021087545926
                .0103018164954621
                .0103015262869680
                .0103012381190658
                .0103009519816211
                .0103006678644142
                .0103003857571441
                .0103001056494330
                .0102998275308301
                .0102995513908162
                .0102992772188070
                .0102990050041577
                .0102987347361670
                .0102984664040800
                .0102981999970928
                .0102979355043561
                .0102976729149780
                .0102974122180289
                .0102971534025430
                .0102968964575238
                .0102966413719457
                .0102963881347578
                .0102961367348871
                .0102958871612414
                .0102956394027119
                .0102953934481767
                .0102951492865031
                .0102949069065505
                .0102946662971729
                .0102944274472215
                .0102941903455472
                .0102939549810030
                .0102937213424463
                .0102934894187411
                .0102932591987602
                .0102930306713875
                .0102928038255199
                .0102925786500690
                .0102923551339636
                .0102921332661513
                .0102919130356000
                .0102916944312999
                .0102914774422652
                .0102912620575359
                .0102910482661786
                .0102908360572890
                .0102906254199925
                .0102904163434464
                .0102902088168400
                .0102900028293976
                .0102897983703781
                .0102895954290773
                .0102893939948287
                .0102891940570042
                .0102889956050157
                .0102887986283161
                .0102886031163999
                .0102884090588043
                .0102882164451103
                .0102880252649431
                .0102878355079733
                .0102876471639176
                .0102874602225395
                .0102872746736498
                .0102870905071076
                .0102869077128208
                .0102867262807466
                .0102865462008924
                .0102863674633157
                .0102861900581254
                .0102860139754818
                .0102858392055970
                .0102856657387357
                .0102854935652153
                .0102853226754064
                .0102851530597331
                .0102849847086734
                .0102848176127593
                .0102846517625774
                .0102844871487691
                .0102843237620303
                .0102841615931126
                .0102840006328225
                .0102838408720224
                .0102836823016301
                .0102835249126194
                .0102833686960199
                .0102832136429175
                .0102830597444542
                .0102829069918279
                .0102827553762932
                .0102826048891609
                .0102824555217981
                .0102823072656282
                .0102821601121312
                .0102820140528434
                .0102818690793573
                .0102817251833219
                .0102815823564423
                .0102814405904798
                .0102812998772520
                .0102811602086324
                .0102810215765505
                .0102808839729916
                .0102807473899968
                .0102806118196630
                .0102804772541420
                .0102803436856418
                .0102802111064249
                .0102800795088092
                .0102799488851675
                .0102798192279272
                .0102796905295704
                .0102795627826334
                .0102794359797067
                .0102793101134350
                .0102791851765166
                .0102790611617034
                .0102789380618008
                .0102788158696671
                .0102786945782138
                .0102785741804049
                .0102784546692571
                .0102783360378389
                .0102782182792715
                .0102781013867271
                .0102779853534299
                .0102778701726553
                .0102777558377295
                .0102776423420295
                .0102775296789830
                .0102774178420677
                .0102773068248113
                .0102771966207912
                .0102770872236343
                .0102769786270164
                .0102768708246625
                .0102767638103460
                .0102766575778885
                .0102765521211598
                .0102764474340775
                .0102763435106065
                .0102762403447590
                .0102761379305939
                .0102760362622170
                .0102759353337803
                .0102758351394816
                .0102757356735648
                .0102756369303190
                .0102755389040784
                .0102754415892225
                .0102753449801747
                .0102752490714033
                .0102751538574201
                .0102750593327810
                .0102749654920851
                .0102748723299745
                .0102747798411342
                .0102746880202919
                .0102745968622173
                .0102745063617219
                .0102744165136593
                .0102743273129241
                .0102742387544520
                .0102741508332195
                .0102740635442436
                .0102739768825814
                .0102738908433301
                .0102738054216262
                .0102737206126458
                .0102736364116039
                .0102735528137541
                .0102734698143888
                .0102733874088381
                .0102733055924707
                .0102732243606921
                .0102731437089456
                .0102730636327116
                .0102729841275069
                .0102729051888852
                .0102728268124361
                .0102727489937851
                .0102726717285938
                .0102725950125586
                .0102725188414113
                .0102724432109188
                .0102723681168821
                .0102722935551366
                .0102722195215520
                .0102721460120315
                .0102720730225120
                .0102720005489634
                .0102719285873887
                .0102718571338239
                .0102717861843368
                .0102717157350281
                .0102716457820299
                .0102715763215062
                .0102715073496526
                .0102714388626957
                .0102713708568929
                .0102713033285327
                .0102712362739335
                .0102711696894443
                .0102711035714439
                .0102710379163408
                .0102709727205729
                .0102709079806075
                .0102708436929407
                .0102707798540974
                .0102707164606311
                .0102706535091235
                .0102705909961842
                .0102705289184510
                .0102704672725889
                .0102704060552904
                .0102703452632752
                .0102702848932898
                .0102702249421074
                .0102701654065278
                .0102701062833769
                .0102700475695066
                .0102699892617947
                .0102699313571447
                .0102698738524851
                .0102698167447701
                .0102697600309784
                .0102697037081137
                .0102696477732042
                .0102695922233023
                .0102695370554848
                .0102694822668521
                .0102694278545288
                .0102693738156625
                .0102693201474244
                .0102692668470089
                .0102692139116332
                .0102691613385373
                .0102691091249838
                .0102690572682576
                .0102690057656658
                .0102689546145375
                .0102689038122235
                .0102688533560965
                .0102688032435503
                .0102687534720002
                .0102687040388823
                .0102686549416540
                .0102686061777930
                .0102685577447979
                .0102685096401873
                .0102684618615003
                .0102684144062959
                .0102683672721529
                .0102683204566700
                .0102682739574651
                .0102682277721756
                .0102681818984582
                .0102681363339885
                .0102680910764609
                .0102680461235886
                .0102680014731033
                .0102679571227551
                .0102679130703124
                .0102678693135613
                .0102678258503064
                .0102677826783695
                .0102677397955904
                .0102676971998263
                .0102676548889513
                .0102676128608574
                .0102675711134529
                .0102675296446634
                .0102674884524311
                .0102674475347147
                .0102674068894895
                .0102673665147470
                .0102673264084949
                .0102672865687567
                .0102672469935722
                .0102672076809968
                .0102671686291014
                .0102671298359722
                .0102670912997112
                .0102670530184354
                .0102670149902769
                .0102669772133826
                .0102669396859146
                .0102669024060493
                .0102668653719780
                .0102668285819062
                .0102667920340539
                .0102667557266553
                .0102667196579586
                .0102666838262260
                .0102666482297337
                .0102666128667712
                .0102665777356422
                .0102665428346634
                .0102665081621653
                .0102664737164913
                .0102664394959980
                .0102664054990553
                .0102663717240460
                .0102663381693653
                .0102663048334216
                .0102662717146356
                .0102662388114408
                .0102662061222826
                .0102661736456192
                .0102661413799208
                .0102661093236695
                .0102660774753596
                .0102660458334971
                .0102660143966000
                .0102659831631976
                .0102659521318311
                .0102659213010532
                .0102658906694278
                .0102658602355299
                .0102658299979461
                .0102657999552739
                .0102657701061218
                .0102657404491091
                .0102657109828660
                .0102656817060337
                .0102656526172634
                .0102656237152174
                .0102655949985681
                .0102655664659985
                .0102655381162018
                .0102655099478813
                .0102654819597504
                .0102654541505326
                .0102654265189615
                .0102653990637800
                .0102653717837414
                .0102653446776083
                .0102653177441530
                .0102652909821572
                .0102652643904124
                .0102652379677190
                .0102652117128870
                .0102651856247355
                .0102651597020927
                .0102651339437958
                .0102651083486911
                .0102650829156338
                .0102650576434879
                .0102650325311259
                .0102650075774295
                .0102649827812884
                .0102649581416014
                .0102649336572753
                .0102649093272256
                .0102648851503759
                .0102648611256582
                .0102648372520127
                .0102648135283876
                .0102647899537391
                .0102647665270316
                .0102647432472374
                .0102647201133362
                .0102646971243160
                .0102646742791724
                .0102646515769085
                .0102646290165350
                .0102646065970704
                .0102645843175402
                .0102645621769778
                .0102645401744236
                .0102645183089255
                .0102644965795383
                .0102644749853243
                .0102644535253527
                .0102644321986999
                .0102644110044491
                .0102643899416906
                .0102643690095214
                .0102643482070455
                .0102643275333736
                .0102643069876228
                .0102642865689174
                .0102642662763879
                .0102642461091713
                .0102642260664113
                .0102642061472581
                .0102641863508679
                .0102641666764037
                .0102641471230342
                .0102641276899349
                .0102641083762872
                .0102640891812784
                .0102640701041025
                .0102640511439588
                .0102640323000530
                .0102640135715968
                .0102639949578074
                .0102639764579080
                .0102639580711277
                .0102639397967014
                .0102639216338692
                .0102639035818774
                .0102638856399776
                .0102638678074270
                .0102638500834884
                .0102638324674298
                .0102638149585249
                .0102637975560527
                .0102637802592975
                .0102637630675487
                .0102637459801014
                .0102637289962553
                .0102637121153159
                .0102636953365932
                .0102636786594027
                .0102636620830648
                .0102636456069049
                .0102636292302533
                .0102636129524453
                .0102635967728210
                .0102635806907255
                .0102635647055085
                .0102635488165243
                .0102635330231325
                .0102635173246968
                .0102635017205858
                .0102634862101728
                .0102634707928355
                .0102634554679561
                .0102634402349215
                .0102634250931228
                .0102634100419557
                .0102633950808205
                .0102633802091213
                .0102633654262670
                .0102633507316707
                .0102633361247494
                .0102633216049250
                .0102633071716229
                .0102632928242730
                .0102632785623094
                .0102632643851700
                .0102632502922969
                .0102632362831364
                .0102632223571383
                .0102632085137570
                .0102631947524504
                .0102631810726804
                .0102631674739127
                .0102631539556170
                .0102631405172667
                .0102631271583391
                .0102631138783149
                .0102631006766789
                .0102630875529196
                .0102630745065287
                .0102630615370020
                .0102630486438387
                .0102630358265418
                .0102630230846174
                .0102630104175754
                .0102629978249293
                .0102629853061960
                .0102629728608956
                .0102629604885518
                .0102629481886918
                .0102629359608458
                .0102629238045478
                .0102629117193347
                .0102628997047469
                .0102628877603280
                .0102628758856247
                .0102628640801873
                .0102628523435688
                .0102628406753256
                .0102628290750170
                .0102628175422060
                .0102628060764580
                .0102627946773417
                .0102627833444291
                .0102627720772949
                .0102627608755167
                .0102627497386754
                .0102627386663547
                .0102627276581411
                .0102627167136242
                .0102627058323963
                .0102626950140526
                .0102626842581913
                .0102626735644130
                .0102626629323216
                .0102626523615235
                .0102626418516278
                .0102626314022463
                .0102626210129938
                .0102626106834874
                .0102626004133472
                .0102625902021956
                .0102625800496579
                .0102625699553620
                .0102625599189382
                .0102625499400194
                .0102625400182413
                .0102625301532416
                .0102625203446612
                .0102625105921428
                .0102625008953320
                .0102624912538768
                .0102624816674276
                .0102624721356370
                .0102624626581602
                .0102624532346548
                .0102624438647807
                .0102624345482003
                .0102624252845778
                .0102624160735804
                .0102624069148771
                .0102623978081394
                .0102623887530408
                .0102623797492575
                .0102623707964675
                .0102623618943511
                .0102623530425908
                .0102623442408715
                .0102623354888798
                .0102623267863049
                .0102623181328378
                .0102623095281718
                .0102623009720021
                .0102622924640262
                .0102622840039434
                .0102622755914553
                .0102622672262655
                .0102622589080793
                .0102622506366044
                .0102622424115503
                .0102622342326285
                .0102622260995523
                .0102622180120373
                .0102622099698007
                .0102622019725617
                .0102621940200414
                .0102621861119628
                .0102621782480508
                .0102621704280323
                .0102621626516356
                .0102621549185912
                .0102621472286313
                .0102621395814900
                .0102621319769030
                .0102621244146079
                .0102621168943441
                .0102621094158527
                .0102621019788766
                .0102620945831600
                .0102620872284495
                .0102620799144931
                .0102620726410402
                .0102620654078424
                .0102620582146525
                .0102620510612253
                .0102620439473167
                .0102620368726852
                .0102620298370898
                .0102620228402918
                .0102620158820540
                .0102620089621406
                .0102620020803176
                .0102619952363522
                .0102619884300134
                .0102619816610719
                .0102619749292995
                .0102619682344698
                .0102619615763578
                .0102619549547401
                .0102619483693946
                .0102619418201009
                .0102619353066398
                .0102619288287938
                .0102619223863466
                .0102619159790835
                .0102619096067912
                .0102619032692576
                .0102618969662723
                .0102618906976261
                .0102618844631113
                .0102618782625214
                .0102618720956513
                .0102618659622974
                .0102618598622573
                .0102618537953299
                .0102618477613157
                .0102618417600159
                .0102618357912337
                .0102618298547732
                .0102618239504397
                .0102618180780402
                .0102618122373824
                .0102618064282758
                .0102618006505308
                .0102617949039591
                .0102617891883736
                .0102617835035886
                .0102617778494194
                .0102617722256826
                .0102617666321960
                .0102617610687786
                .0102617555352504
                .0102617500314329
                .0102617445571483
                .0102617391122206
                .0102617336964742
                .0102617283097352
                .0102617229518305
                .0102617176225884
                .0102617123218380
                .0102617070494098
                .0102617018051352
                .0102616965888466
                .0102616914003778
                .0102616862395634
                .0102616811062394
                .0102616760002423
                .0102616709214101
                .0102616658695818
                .0102616608445972
                .0102616558462974
                .0102616508745243
                .0102616459291210
                .0102616410099316
                .0102616361168010
                .0102616312495751
                .0102616264081011
                .0102616215922270
                .0102616168018016
                .0102616120366750
                .0102616072966980
                .0102616025817223
                .0102615978916010
                .0102615932261875
                .0102615885853367
                .0102615839689040
                .0102615793767460
                .0102615748087201
                .0102615702646846
                .0102615657444988
                .0102615612480226
                .0102615567751174
                .0102615523256447
                .0102615478994674
                .0102615434964492
                .0102615391164546
                .0102615347593490
                .0102615304249985
                .0102615261132702
                .0102615218240321
                .0102615175571528
                .0102615133125019
                .0102615090899498
                .0102615048893678
                .0102615007106279
                .0102614965536028
                .0102614924181663
                .0102614883041927
                .0102614842115573
                .0102614801401361
                .0102614760898058
                .0102614720604442
                .0102614680519293
                .0102614640641403
                .0102614600969573
                .0102614561502606
                .0102614522239318
                .0102614483178528
                .0102614444319065
                .0102614405659765
                .0102614367199471
                .0102614328937034
                .0102614290871309
                .0102614253001164
                .0102614215325468
                .0102614177843101
                .0102614140552947
                .0102614103453902
                .0102614066544863
                .0102614029824737
                .0102613993292437
                .0102613956946884
                .0102613920787004
                .0102613884811730
                .0102613849020003
                .0102613813410768
                .0102613777982980
                .0102613742735598
                .0102613707667588
                .0102613672777923
                .0102613638065580
                .0102613603529546
                .0102613569168813
                .0102613534982377
                .0102613500969244
                .0102613467128421
                .0102613433458927
                .0102613399959783
                .0102613366630018
                .0102613333468665
                .0102613300474766
                .0102613267647366
                .0102613234985517
                .0102613202488278
                .0102613170154712
                .0102613137983887
                .0102613105974881
                .0102613074126772
                .0102613042438649
                .0102613010909602
                .0102612979538731
                .0102612948325137
                .0102612917267928
                .0102612886366222
                .0102612855619136
                .0102612825025793
                .0102612794585327
                .0102612764296873
                .0102612734159570
                .0102612704172566
                .0102612674335011
                .0102612644646062
                .0102612615104882
                .0102612585710636
                .0102612556462498
                .0102612527359642
                .0102612498401253
                .0102612469586516
                .0102612440914623
                .0102612412384772
                .0102612383996163
                .0102612355748005
                .0102612327639507
                .0102612299669886
                .0102612271838363
                .0102612244144163
                .0102612216586518
                .0102612189164661
                .0102612161877833
                .0102612134725276
                .0102612107706243
                .0102612080819983
                .0102612054065756
                .0102612027442824
                .0102612000950454
                .0102611974587916
                .0102611948354488
                .0102611922249447
                .0102611896272080
                .0102611870421674
                .0102611844697522
                .0102611819098922
                .0102611793625175
                .0102611768275586
                .0102611743049466
                .0102611717946127
                .0102611692964889
                .0102611668105074
                .0102611643366007
                .0102611618747018
                .0102611594247443
                .0102611569866620
                .0102611545603889
                .0102611521458599
                .0102611497430099
                .0102611473517742
                .0102611449720886
                .0102611426038894
                .0102611402471131
                .0102611379016965
                .0102611355675771
                .0102611332446924
                .0102611309329806
                .0102611286323799
                .0102611263428294
                .0102611240642679
                .0102611217966351
                .0102611195398709
                .0102611172939155
                .0102611150587096
                .0102611128341938
                .0102611106203097
                .0102611084169987
                .0102611062242030
                .0102611040418649
                .0102611018699269
                .0102610997083322
                .0102610975570241
                .0102610954159462
                .0102610932850425
                .0102610911642575
                .0102610890535358
                .0102610869528223
                .0102610848620625
                .0102610827812020
                .0102610807101867
                .0102610786489629
                .0102610765974773
                .0102610745556767
                .0102610725235085
                .0102610705009202
                .0102610684878595
                .0102610664842747
                .0102610644901142
                .0102610625053269
                .0102610605298618
                .0102610585636682
                .0102610566066958
                .0102610546588946
                .0102610527202149
                .0102610507906072
                .0102610488700223
                .0102610469584113
                .0102610450557258
                .0102610431619174
                .0102610412769380
                .0102610394007400
                .0102610375332758
                .0102610356744984
                .0102610338243608
                .0102610319828163
                .0102610301498186
                .0102610283253216
                .0102610265092795
                .0102610247016469
                .0102610229023782
                .0102610211114287
                .0102610193287534
                .0102610175543079
                .0102610157880480
                .0102610140299297
                .0102610122799092
                .0102610105379431
                .0102610088039882
                .0102610070780015
                .0102610053599402
                .0102610036497620
                .0102610019474246
