                .0670337944472134
                .0661681040454769
                .0645584465191122
                .0610311160700268
                .0553469925730960
                .0515759285355573
                .0504871462311987
                .0501771238163064
                .0500292301948991
                .0499318589329852
                .0498577600146752
                .0497965211297150
                .0497433459145763
                .0496958676897633
                .0496528462859558
                .0496135756614653
                .0495776067654635
                .0495446161020298
                .0495143431555171
                .0494865609596943
                .0494610627475544
                .0494376563155064
                .0494161619371007
                .0493964117606979
                .0493782496969921
                .0493615313507496
                .0493461238265512
                .0493319053701930
                .0493187648647486
                .0493066012201089
                .0492953226968950
                .0492848462002564
                .0492750965713631
                .0492660058967997
                .0492575128495296
                .0492495620698912
                .0492421035911558
                .0492350923113243
                .0492284875108702
                .0492222524148123
                .0492163537966962
                .0492107616215986
                .0492054487250642
                .0492003905248495
                .0491955647624313
                .0491909512713804
                .0491865317699019
                .0491822896750412
                .0491782099362851
                .0491742788864879
                .0491704841082646
                .0491668143141803
                .0491632592392398
                .0491598095443403
                .0491564567295099
                .0491531930558564
                .0491500114753061
                .0491469055672841
                .0491438694815988
                .0491408978868772
                .0491379859239605
                .0491351291637415
                .0491323235689899
                .0491295654597454
                .0491268514819237
                .0491241785788030
                .0491215439651104
                .0491189451034438
                .0491163796828038
                .0491138455990290
                .0491113409369549
                .0491088639541277
                .0491064130659285
                .0491039868319829
                .0491015839437231
                .0490992032130170
                .0490968435617508
                .0490945040122891
                .0490921836787370
                .0490898817589251
                .0490875975270665
                .0490853303270207
                .0490830795661132
                .0490808447094703
                .0490786252748186
                .0490764208277176
                .0490742309771863
                .0490720553716893
                .0490698936954632
                .0490677456651426
                .0490656110266737
                .0490634895524848
                .0490613810388963
                .0490592853037516
                .0490572021842508
                .0490551315349703
                .0490530732260545
                .0490510271415664
                .0490489931779828
                .0490469712428260
                .0490449612534144
                .0490429631357309
                .0490409768233934
                .0490390022567218
                .0490370393818911
                .0490350881501680
                .0490331485172198
                .0490312204424904
                .0490293038886402
                .0490273988210416
                .0490255052073250
                .0490236230169767
                .0490217522209736
                .0490198927914625
                .0490180447014731
                .0490162079246639
                .0490143824350962
                .0490125682070386
                .0490107652147912
                .0490089734325359
                .0490071928342044
                .0490054233933640
                .0490036650831211
                .0490019178760362
                .0490001817440572
                .0489984566584583
                .0489967425897949
                .0489950395078632
                .0489933473816708
                .0489916661794146
                .0489899958684650
                .0489883364153555
                .0489866877857760
                .0489850499445754
                .0489834228557632
                .0489818064825157
                .0489802007871882
                .0489786057313239
                .0489770212756738
                .0489754473802076
                .0489738840041360
                .0489723311059281
                .0489707886433332
                .0489692565734008
                .0489677348525052
                .0489662234363659
                .0489647222800724
                .0489632313381062
                .0489617505643661
                .0489602799121909
                .0489588193343826
                .0489573687832311
                .0489559282105373
                .0489544975676355
                .0489530768054170
                .0489516658743532
                .0489502647245161
                .0489488733056026
                .0489474915669537
                .0489461194575782
                .0489447569261697
                .0489434039211309
                .0489420603905901
                .0489407262824226
                .0489394015442683
                .0489380861235510
                .0489367799674948
                .0489354830231444
                .0489341952373781
                .0489329165569278
                .0489316469283936
                .0489303862982583
                .0489291346129061
                .0489278918186318
                .0489266578616610
                .0489254326881596
                .0489242162442497
                .0489230084760211
                .0489218093295447
                .0489206187508843
                .0489194366861091
                .0489182630813047
                .0489170978825842
                .0489159410360988
                .0489147924880485
                .0489136521846919
                .0489125200723558
                .0489113960974451
                .0489102802064512
                .0489091723459609
                .0489080724626650
                .0489069805033668
                .0489058964149884
                .0489048201445805
                .0489037516393282
                .0489026908465578
                .0489016377137443
                .0489005921885185
                .0488995542186718
                .0488985237521623
                .0488975007371222
                .0488964851218616
                .0488954768548756
                .0488944758848462
                .0488934821606517
                .0488924956313674
                .0488915162462728
                .0488905439548544
                .0488895787068101
                .0488886204520536
                .0488876691407178
                .0488867247231587
                .0488857871499580
                .0488848563719278
                .0488839323401120
                .0488830150057905
                .0488821043204818
                .0488812002359450
                .0488803027041830
                .0488794116774442
                .0488785271082263
                .0488776489492754
                .0488767771535921
                .0488759116744284
                .0488750524652950
                .0488741994799579
                .0488733526724432
                .0488725119970370
                .0488716774082872
                .0488708488610046
                .0488700263102635
                .0488692097114045
                .0488683990200322
                .0488675941920195
                .0488667951835068
                .0488660019509006
                .0488652144508787
                .0488644326403864
                .0488636564766392
                .0488628859171219
                .0488621209195902
                .0488613614420699
                .0488606074428573
                .0488598588805190
                .0488591157138925
                .0488583779020853
                .0488576454044758
                .0488569181807124
                .0488561961907131
                .0488554793946660
                .0488547677530284
                .0488540612265260
                .0488533597761542
                .0488526633631748
                .0488519719491186
                .0488512854957819
                .0488506039652281
                .0488499273197863
                .0488492555220500
                .0488485885348771
                .0488479263213893
                .0488472688449699
                .0488466160692656
                .0488459679581825
                .0488453244758871
                .0488446855868060
                .0488440512556227
                .0488434214472785
                .0488427961269708
                .0488421752601516
                .0488415588125278
                .0488409467500587
                .0488403390389560
                .0488397356456816
                .0488391365369476
                .0488385416797144
                .0488379510411890
                .0488373645888261
                .0488367822903236
                .0488362041136243
                .0488356300269124
                .0488350599986145
                .0488344939973965
                .0488339319921626
                .0488333739520549
                .0488328198464515
                .0488322696449651
                .0488317233174417
                .0488311808339599
                .0488306421648286
                .0488301072805861
                .0488295761519993
                .0488290487500616
                .0488285250459910
                .0488280050112305
                .0488274886174454
                .0488269758365223
                .0488264666405672
                .0488259610019049
                .0488254588930774
                .0488249602868423
                .0488244651561716
                .0488239734742495
                .0488234852144728
                .0488230003504471
                .0488225188559885
                .0488220407051184
                .0488215658720651
                .0488210943312619
                .0488206260573443
                .0488201610251503
                .0488196992097170
                .0488192405862816
                .0488187851302782
                .0488183328173379
                .0488178836232852
                .0488174375241389
                .0488169944961097
                .0488165545155985
                .0488161175591959
                .0488156836036800
                .0488152526260155
                .0488148246033523
                .0488143995130238
                .0488139773325467
                .0488135580396172
                .0488131416121123
                .0488127280280875
                .0488123172657741
                .0488119093035809
                .0488115041200897
                .0488111016940553
                .0488107020044057
                .0488103050302372
                .0488099107508173
                .0488095191455794
                .0488091301941247
                .0488087438762196
                .0488083601717941
                .0488079790609401
                .0488076005239126
                .0488072245411257
                .0488068510931525
                .0488064801607236
                .0488061117247268
                .0488057457662037
                .0488053822663517
                .0488050212065186
                .0488046625682063
                .0488043063330648
                .0488039524828946
                .0488036009996434
                .0488032518654057
                .0488029050624221
                .0488025605730768
                .0488022183798976
                .0488018784655546
                .0488015408128586
                .0488012054047595
                .0488008722243470
                .0488005412548476
                .0488002124796241
                .0487998858821753
                .0487995614461329
                .0487992391552633
                .0487989189934631
                .0487986009447614
                .0487982849933161
                .0487979711234141
                .0487976593194701
                .0487973495660252
                .0487970418477467
                .0487967361494258
                .0487964324559772
                .0487961307524382
                .0487958310239681
                .0487955332558461
                .0487952374334711
                .0487949435423605
                .0487946515681485
                .0487943614965871
                .0487940733135429
                .0487937870049969
                .0487935025570450
                .0487932199558933
                .0487929391878629
                .0487926602393829
                .0487923830969939
                .0487921077473443
                .0487918341771912
                .0487915623733988
                .0487912923229371
                .0487910240128818
                .0487907574304133
                .0487904925628147
                .0487902293974720
                .0487899679218737
                .0487897081236082
                .0487894499903651
                .0487891935099325
                .0487889386701970
                .0487886854591427
                .0487884338648513
                .0487881838754989
                .0487879354793583
                .0487876886647954
                .0487874434202705
                .0487871997343361
                .0487869575956368
                .0487867169929082
                .0487864779149768
                .0487862403507578
                .0487860042892561
                .0487857697195645
                .0487855366308630
                .0487853050124182
                .0487850748535830
                .0487848461437944
                .0487846188725754
                .0487843930295311
                .0487841686043508
                .0487839455868055
                .0487837239667479
                .0487835037341120
                .0487832848789108
                .0487830673912385
                .0487828512612671
                .0487826364792471
                .0487824230355062
                .0487822109204493
                .0487820001245575
                .0487817906383875
                .0487815824525705
                .0487813755578123
                .0487811699448922
                .0487809656046633
                .0487807625280500
                .0487805607060485
                .0487803601297275
                .0487801607902250
                .0487799626787493
                .0487797657865782
                .0487795701050583
                .0487793756256047
                .0487791823396991
                .0487789902388911
                .0487787993147970
                .0487786095590985
                .0487784209635430
                .0487782335199419
                .0487780472201721
                .0487778620561730
                .0487776780199485
                .0487774951035639
                .0487773132991473
                .0487771325988884
                .0487769529950376
                .0487767744799056
                .0487765970458642
                .0487764206853438
                .0487762453908339
                .0487760711548832
                .0487758979700975
                .0487757258291407
                .0487755547247336
                .0487753846496539
                .0487752155967348
                .0487750475588656
                .0487748805289904
                .0487747145001086
                .0487745494652727
                .0487743854175899
                .0487742223502211
                .0487740602563787
                .0487738991293283
                .0487737389623878
                .0487735797489262
                .0487734214823635
                .0487732641561706
                .0487731077638690
                .0487729522990295
                .0487727977552725
                .0487726441262673
                .0487724914057317
                .0487723395874323
                .0487721886651829
                .0487720386328447
                .0487718894843264
                .0487717412135822
                .0487715938146142
                .0487714472814685
                .0487713016082378
                .0487711567890594
                .0487710128181158
                .0487708696896327
                .0487707273978815
                .0487705859371750
                .0487704453018710
                .0487703054863693
                .0487701664851126
                .0487700282925849
                .0487698909033132
                .0487697543118648
                .0487696185128494
                .0487694835009161
                .0487693492707553
                .0487692158170970
                .0487690831347113
                .0487689512184076
                .0487688200630344
                .0487686896634786
                .0487685600146663
                .0487684311115613
                .0487683029491653
                .0487681755225172
                .0487680488266936
                .0487679228568080
                .0487677976080098
                .0487676730754854
                .0487675492544569
                .0487674261401824
                .0487673037279545
                .0487671820131022
                .0487670609909884
                .0487669406570109
                .0487668210066015
                .0487667020352263
                .0487665837383851
                .0487664661116109
                .0487663491504695
                .0487662328505603
                .0487661172075149
                .0487660022169979
                .0487658878747045
                .0487657741763634
                .0487656611177336
                .0487655486946059
                .0487654369028028
                .0487653257381762
                .0487652151966094
                .0487651052740160
                .0487649959663396
                .0487648872695535
                .0487647791796610
                .0487646716926933
                .0487645648047127
                .0487644585118085
                .0487643528101001
                .0487642476957349
                .0487641431648876
                .0487640392137617
                .0487639358385887
                .0487638330356261
                .0487637308011605
                .0487636291315036
                .0487635280229964
                .0487634274720042
                .0487633274749200
                .0487632280281621
                .0487631291281757
                .0487630307714313
                .0487629329544248
                .0487628356736776
                .0487627389257368
                .0487626427071736
                .0487625470145843
                .0487624518445897
                .0487623571938355
                .0487622630589907
                .0487621694367488
                .0487620763238269
                .0487619837169657
                .0487618916129297
                .0487618000085060
                .0487617089005049
                .0487616182857600
                .0487615281611270
                .0487614385234849
                .0487613493697337
                .0487612606967966
                .0487611725016184
                .0487610847811663
                .0487609975324280
                .0487609107524135
                .0487608244381536
                .0487607385867007
                .0487606531951274
                .0487605682605279
                .0487604837800169
                .0487603997507290
                .0487603161698192
                .0487602330344636
                .0487601503418564
                .0487600680892142
                .0487599862737708
                .0487599048927808
                .0487598239435183
                .0487597434232756
                .0487596633293650
                .0487595836591175
                .0487595044098824
                .0487594255790284
                .0487593471639420
                .0487592691620284
                .0487591915707106
                .0487591143874306
                .0487590376096469
                .0487589612348369
                .0487588852604948
                .0487588096841333
                .0487587345032816
                .0487586597154863
                .0487585853183114
                .0487585113093375
                .0487584376861627
                .0487583644464007
                .0487582915876824
                .0487582191076551
                .0487581470039828
                .0487580752743452
                .0487580039164379
                .0487579329279733
                .0487578623066781
                .0487577920502966
                .0487577221565872
                .0487576526233249
                .0487575834482985
                .0487575146293136
                .0487574461641905
                .0487573780507637
                .0487573102868836
                .0487572428704141
                .0487571757992357
                .0487571090712418
                .0487570426843407
                .0487569766364556
                .0487569109255226
                .0487568455494929
                .0487567805063319
                .0487567157940184
                .0487566514105450
                .0487565873539180
                .0487565236221573
                .0487564602132968
                .0487563971253829
                .0487563343564755
                .0487562719046481
                .0487562097679877
                .0487561479445928
                .0487560864325754
                .0487560252300615
                .0487559643351880
                .0487559037461054
                .0487558434609764
                .0487557834779765
                .0487557237952930
                .0487556644111255
                .0487556053236859
                .0487555465311985
                .0487554880318986
                .0487554298240342
                .0487553719058646
                .0487553142756609
                .0487552569317063
                .0487551998722949
                .0487551430957319
                .0487550866003347
                .0487550303844319
                .0487549744463626
                .0487549187844778
                .0487548633971384
                .0487548082827175
                .0487547534395979
                .0487546988661742
                .0487546445608510
                .0487545905220438
                .0487545367481784
                .0487544832376914
                .0487544299890291
                .0487543770006496
                .0487543242710188
                .0487542717986153
                .0487542195819261
                .0487541676194490
                .0487541159096912
                .0487540644511701
                .0487540132424127
                .0487539622819558
                .0487539115683463
                .0487538611001397
                .0487538108759016
                .0487537608942069
                .0487537111536403
                .0487536616527950
                .0487536123902740
                .0487535633646893
                .0487535145746619
                .0487534660188220
                .0487534176958085
                .0487533696042696
                .0487533217428623
                .0487532741102517
                .0487532267051123
                .0487531795261269
                .0487531325719871
                .0487530858413930
                .0487530393330532
                .0487529930456841
                .0487529469780115
                .0487529011287687
                .0487528554966970
                .0487528100805464
                .0487527648790756
                .0487527198910496
                .0487526751152432
                .0487526305504379
                .0487525861954235
                .0487525420489972
                .0487524981099654
                .0487524543771400
                .0487524108493426
                .0487523675254010
                .0487523244041510
                .0487522814844365
                .0487522387651078
                .0487521962450227
                .0487521539230473
                .0487521117980542
                .0487520698689227
                .0487520281345404
                .0487519865938020
                .0487519452456082
                .0487519040888674
                .0487518631224951
                .0487518223454135
                .0487517817565515
                .0487517413548453
                .0487517011392374
                .0487516611086770
                .0487516212621208
                .0487515815985311
                .0487515421168776
                .0487515028161358
                .0487514636952882
                .0487514247533233
                .0487513859892370
                .0487513474020302
                .0487513089907115
                .0487512707542943
                .0487512326917996
                .0487511948022539
                .0487511570846890
                .0487511195381450
                .0487510821616660
                .0487510449543031
                .0487510079151135
                .0487509710431591
                .0487509343375092
                .0487508977972385
                .0487508614214269
                .0487508252091604
                .0487507891595314
                .0487507532716369
                .0487507175445799
                .0487506819774696
                .0487506465694202
                .0487506113195516
                .0487505762269890
                .0487505412908635
                .0487505065103108
                .0487504718844728
                .0487504374124966
                .0487504030935345
                .0487503689267437
                .0487503349112871
                .0487503010463322
                .0487502673310530
                .0487502337646275
                .0487502003462387
                .0487501670750749
                .0487501339503301
                .0487501009712022
                .0487500681368951
                .0487500354466160
                .0487500028995793
                .0487499704950024
                .0487499382321084
                .0487499061101243
                .0487498741282830
                .0487498422858221
                .0487498105819821
                .0487497790160107
                .0487497475871584
                .0487497162946806
                .0487496851378382
                .0487496541158954
                .0487496232281219
                .0487495924737912
                .0487495618521818
                .0487495313625756
                .0487495010042602
                .0487494707765270
                .0487494406786710
                .0487494107099933
                .0487493808697966
                .0487493511573903
                .0487493215720874
                .0487492921132037
                .0487492627800611
                .0487492335719843
                .0487492044883027
                .0487491755283496
                .0487491466914622
                .0487491179769816
                .0487490893842533
                .0487490609126269
                .0487490325614555
                .0487490043300960
                .0487489762179094
                .0487489482242608
                .0487489203485189
                .0487488925900562
                .0487488649482488
                .0487488374224775
                .0487488100121248
                .0487487827165786
                .0487487555352311
                .0487487284674756
                .0487487015127116
                .0487486746703407
                .0487486479397690
                .0487486213204048
                .0487485948116619
                .0487485684129560
                .0487485421237065
                .0487485159433374
                .0487484898712750
                .0487484639069490
                .0487484380497933
                .0487484122992450
                .0487483866547436
                .0487483611157333
                .0487483356816606
                .0487483103519757
                .0487482851261320
                .0487482600035862
                .0487482349837982
                .0487482100662310
                .0487481852503510
                .0487481605356274
                .0487481359215331
                .0487481114075435
                .0487480869931372
                .0487480626777964
                .0487480384610064
                .0487480143422546
                .0487479903210322
                .0487479663968332
                .0487479425691542
                .0487479188374956
                .0487478952013604
                .0487478716602539
                .0487478482136850
                .0487478248611655
                .0487478016022097
                .0487477784363349
                .0487477553630616
                .0487477323819118
                .0487477094924123
                .0487476866940908
                .0487476639864793
                .0487476413691116
                .0487476188415240
                .0487475964032564
                .0487475740538506
                .0487475517928521
                .0487475296198077
                .0487475075342673
                .0487474855357843
                .0487474636239136
                .0487474417982133
                .0487474200582437
                .0487473984035681
                .0487473768337514
                .0487473553483623
                .0487473339469716
                .0487473126291517
                .0487472913944785
                .0487472702425301
                .0487472491728866
                .0487472281851310
                .0487472072788488
                .0487471864536272
                .0487471657090569
                .0487471450447297
                .0487471244602409
                .0487471039551871
                .0487470835291680
                .0487470631817852
                .0487470429126429
                .0487470227213473
                .0487470026075066
                .0487469825707322
                .0487469626106368
                .0487469427268357
                .0487469229189463
                .0487469031865881
                .0487468835293830
                .0487468639469555
                .0487468444389311
                .0487468250049385
                .0487468056446075
                .0487467863575712
                .0487467671434638
                .0487467480019222
                .0487467289325848
                .0487467099350931
                .0487466910090891
                .0487466721542183
                .0487466533701275
                .0487466346564654
                .0487466160128828
                .0487465974390330
                .0487465789345707
                .0487465604991524
                .0487465421324372
                .0487465238340856
                .0487465056037601
                .0487464874411253
                .0487464693458479
                .0487464513175956
                .0487464333560389
                .0487464154608499
                .0487463976317024
                .0487463798682719
                .0487463621702358
                .0487463445372743
                .0487463269690675
                .0487463094652987
                .0487462920256530
                .0487462746498166
                .0487462573374778
                .0487462400883264
                .0487462229020542
                .0487462057783549
                .0487461887169233
                .0487461717174567
                .0487461547796536
                .0487461379032139
                .0487461210878401
                .0487461043332354
                .0487460876391050
                .0487460710051559
                .0487460544310970
                .0487460379166380
                .0487460214614908
                .0487460050653687
                .0487459887279870
                .0487459724490620
                .0487459562283118
                .0487459400654557
                .0487459239602159
                .0487459079123148
                .0487458919214767
                .0487458759874267
                .0487458601098933
                .0487458442886049
                .0487458285232922
                .0487458128136864
                .0487457971595214
                .0487457815605319
                .0487457660164542
                .0487457505270260
                .0487457350919867
                .0487457197110764
                .0487457043840379
                .0487456891106137
                .0487456738905498
                .0487456587235917
                .0487456436094873
                .0487456285479859
                .0487456135388376
                .0487455985817944
                .0487455836766095
                .0487455688230371
                .0487455540208331
                .0487455392697556
                .0487455245695618
                .0487455099200126
                .0487454953208688
                .0487454807718925
                .0487454662728479
                .0487454518235001
                .0487454374236153
                .0487454230729609
                .0487454087713060
                .0487453945184208
                .0487453803140762
                .0487453661580455
                .0487453520501022
