               .6386251041926302               .6386251041926302               .6386251041926302               .6386251041926302               .6386251041926302
               .0940737287358447               .0940737287358447               .0940737287358447               .0940737287358447               .0940737287358447
               .7984394658924748               .7984394658924748               .7984394658924748               .7984394658924748               .7984394658924748
               .1770945018455703               .1770945018455703               .1770945018455703               .1770945018455703               .1770945018455703
              -.0397884107195351              -.0397884107195351              -.0397884107195351              -.0397884107195351              -.0397884107195351
               .6650148186121092               .6650148186121092               .6650148186121092               .6650148186121092               .6650148186121092
               .2518349720682312               .2518349720682312               .2518349720682312               .2518349720682312               .2518349720682312
              -.0044072290951441              -.0044072290951441              -.0044072290951441              -.0044072290951441              -.0044072290951441
              -.0044072290951441              -.0044072290951441              -.0044072290951441              -.0044072290951441              -.0044072290951441
               .2437577988366235               .2437577988366235               .2437577988366235               .2437577988366235               .2437577988366235
               .2437577988366235               .2437577988366235               .2437577988366235               .2437577988366235               .2437577988366235
              -.1553789708799286              -.1553789708799286              -.1553789708799286              -.1553789708799286              -.1553789708799286
               .2518349720682312               .2518349720682312               .2518349720682312               .2518349720682312               .2518349720682312
               .0031341775009303               .0031341775009303               .0031341775009303               .0031341775009303               .0031341775009303
