0.506542  0.422430  0.085981  0.244860  0.861682  0.207477  0.057944  0.525234  0.777570  0.777570  0.319626  0.085981  0.553271  0.441121
0.800000  0.800000  0.133333  0.133333  0.800000  0.133333  0.133333  0.800000  0.800000  0.800000  0.133333  0.133333  0.133333  0.133333
0.454545  0.454545  0.000000  0.000000  0.454545  0.000000  0.000000  0.454545  0.454545  0.909091  0.000000  0.454545  0.000000  0.454545
0.909091  0.909091  0.000000  0.000000  0.454545  0.000000  0.000000  0.454545  0.909091  0.909091  0.454545  0.454545  0.454545  0.909091
0.829015  0.673155  0.017493  0.432461  0.648165  0.105616  0.092464  0.302907  0.794818  0.615283  0.401552  0.270025  0.894778  0.368670
0.619565  0.782609  0.021739  0.130435  0.755435  0.076087  0.021739  0.347826  0.891304  0.836957  0.239130  0.184783  0.836957  0.347826
0.000000  0.000000  0.000000  0.000000  0.000000  0.000000  0.000000  0.000000  0.000000  0.000000  0.000000  0.909091  0.000000  0.000000
0.909091  0.000000  0.000000  0.000000  0.000000  0.000000  0.000000  0.000000  0.000000  0.909091  0.000000  0.909091  0.000000  0.000000
0.909091  0.000000  0.000000  0.000000  0.000000  0.000000  0.000000  0.000000  0.000000  0.909091  0.000000  0.909091  0.000000  0.000000
0.909091  0.000000  0.000000  0.000000  0.000000  0.000000  0.000000  0.000000  0.000000  0.909091  0.000000  0.000000  0.000000  0.000000
0.909091  0.000000  0.000000  0.000000  0.000000  0.000000  0.000000  0.000000  0.000000  0.909091  0.000000  0.000000  0.000000  0.000000
0.909091  0.909091  0.000000  0.000000  0.000000  0.000000  0.000000  0.000000  0.000000  0.909091  0.000000  0.909091  0.000000  0.000000
0.000000  0.000000  0.000000  0.000000  0.000000  0.000000  0.000000  0.000000  0.000000  0.000000  0.000000  0.909091  0.000000  0.000000
0.000000  0.000000  0.000000  0.000000  0.909091  0.000000  0.000000  0.000000  0.000000  0.000000  0.000000  0.000000  0.000000  0.000000