                .0145545467032853
                .0140928785536248
                .0137997616145847
                .0131499754623679
                .0119690790752915
                .0109966984304861
                .0106665488548718
                .0105741630631740
                .0105350016042052
                .0105115525483778
                .0104947914527383
                .0104814671794902
                .0104701465556597
                .0104601455319668
                .0104511187507959
                .0104428799601611
                .0104353194007593
                .0104283646473983
                .0104219617086153
                .0104160658843963
                .0104106374315995
                .0104056396121582
                .0104010379017788
                .0103967997353088
                .0103928944729884
                .0103892934332096
                .0103859699219392
                .0103828992323107
                .0103800586090775
                .0103774271820209
                .0103749858757351
                .0103727173035746
                .0103706056526235
                .0103686365651846
                .0103667970209177
                .0103650752225470
                .0103634604870763
                .0103619431436878
                .0103605144389357
                .0103591664494330
                .0103578920019510
                .0103566846006606
                .0103555383611284
                .0103544479506124
                .0103534085341754
                .0103524157261264
                .0103514655463130
                .0103505543808101
                .0103496789465783
                .0103488362596971
                .0103480236068098
                .0103472385194519
                .0103464787509629
                .0103457422557102
                .0103450271703874
                .0103443317971642
                .0103436545884974
                .0103429941334278
                .0103423491452064
                .0103417184501151
                .0103411009773543
                .0103404957498896
                .0103399018761606
                .0103393185425607
                .0103387450066142
                .0103381805907773
                .0103376246768040
                .0103370767006189
                .0103365361476496
                .0103360025485721
                .0103354754754321
                .0103349545381041
                .0103344393810579
                .0103339296804052
                .0103334251411965
                .0103329254949506
                .0103324304973919
                .0103319399263781
                .0103314535800026
                .0103309712748545
                .0103304928444232
                .0103300181376367
                .0103295470175191
                .0103290793599601
                .0103286150525855
                .0103281539937212
                .0103276960914424
                .0103272412627010
                .0103267894325252
                .0103263405332858
                .0103258945040221
                .0103254512898249
                .0103250108412706
                .0103245731139021
                .0103241380677545
                .0103237056669195
                .0103232758791473
                .0103228486754832
                .0103224240299337
                .0103220019191636
