                .0670337944472134
                .0661681040454769
                .0645584465191122
                .0610311160700268
                .0553469925730960
                .0515759285355573
                .0504871462311987
                .0501771238163064
                .0500292301948991
                .0499318589329852
                .0498577600146752
                .0497965211297150
                .0497433459145763
                .0496958676897633
                .0496528462859558
                .0496135756614653
                .0495776067654635
                .0495446161020298
                .0495143431555171
                .0494865609596943
                .0494610627475544
                .0494376563155064
                .0494161619371007
                .0493964117606979
                .0493782496969921
                .0493615313507496
                .0493461238265512
                .0493319053701930
                .0493187648647486
                .0493066012201089
                .0492953226968950
                .0492848462002564
                .0492750965713631
                .0492660058967997
                .0492575128495296
                .0492495620698912
                .0492421035911558
                .0492350923113243
                .0492284875108702
                .0492222524148123
                .0492163537966962
                .0492107616215986
                .0492054487250642
                .0492003905248495
                .0491955647624313
                .0491909512713804
                .0491865317699019
                .0491822896750412
                .0491782099362851
                .0491742788864879
                .0491704841082646
                .0491668143141803
                .0491632592392398
                .0491598095443403
                .0491564567295099
                .0491531930558564
                .0491500114753061
                .0491469055672841
                .0491438694815988
                .0491408978868772
                .0491379859239605
                .0491351291637415
                .0491323235689899
                .0491295654597454
                .0491268514819237
                .0491241785788030
                .0491215439651104
                .0491189451034438
                .0491163796828038
                .0491138455990290
                .0491113409369549
                .0491088639541277
                .0491064130659285
                .0491039868319829
                .0491015839437231
                .0490992032130170
                .0490968435617509
                .0490945040122891
                .0490921836787370
                .0490898817589251
                .0490875975270665
                .0490853303270207
                .0490830795661131
                .0490808447094703
                .0490786252748186
                .0490764208277176
                .0490742309771863
                .0490720553716893
                .0490698936954632
                .0490677456651426
                .0490656110266736
                .0490634895524848
                .0490613810388963
                .0490592853037516
                .0490572021842508
                .0490551315349704
                .0490530732260545
                .0490510271415664
                .0490489931779828
                .0490469712428260
